x y dx dy0.0 0.0 0.0167 0.00873
10.0 0.8726646259971648 0.0167 0.00873
20.0 2.4085543677521746 0.0167 0.00873
30.0 3.01941960595019 0.0167 0.00873
40.0 2.1205750411731104 0.0167 0.00873
50.0 0.7330382858376184 0.0167 0.00873
60.0 0.13962634015954636 0.0167 0.00873
70.0 0.9424777960769379 0.0167 0.00873
80.0 2.321287905152458 0.0167 0.00873
90.0 2.9321531433504737 0.0167 0.00873
100.0 2.0943951023931953 0.0167 0.00873
110.0 0.767944870877505 0.0167 0.00873
120.0 0.2181661564992912 0.0167 0.00873
130.0 0.9250245035569946 0.0167 0.00873
140.0 2.076941809873252 0.0167 0.00873
150.0 2.897246558310587 0.0167 0.00873
160.0 2.251474735072685 0.0167 0.00873
170.0 0.8552113334772214 0.0167 0.00873
180.0 0.2792526803190927 0.0167 0.00873
190.0 0.9599310885968813 0.0167 0.00873
200.0 2.3387411976724017 0.0167 0.00873
210.0 2.8099800957108707 0.0167 0.00873
220.0 2.0420352248333655 0.0167 0.00873
230.0 0.7853981633974483 0.0167 0.00873
240.0 0.3490658503988659 0.0167 0.00873
250.0 1.2217304763960306 0.0167 0.00873
260.0 2.4609142453120048 0.0167 0.00873
270.0 2.775073510670984 0.0167 0.00873
280.0 1.8151424220741028 0.0167 0.00873
290.0 0.5934119456780721 0.0167 0.00873
300.0 0.4363323129985824 0.0167 0.00873
310.0 1.4835298641951802 0.0167 0.00873
320.0 2.548180707911721 0.0167 0.00873
330.0 2.705260340591211 0.0167 0.00873
340.0 1.6580627893946132 0.0167 0.00873
350.0 0.5410520681182421 0.0167 0.00873
360.0 0.5410520681182421 0.0167 0.00873
370.0 1.5009831567151235 0.0167 0.00873
380.0 2.6179938779914944 0.0167 0.00873
390.0 2.600540585471551 0.0167 0.00873
400.0 1.4660765716752369 0.0167 0.00873
410.0 0.4537856055185257 0.0167 0.00873
420.0 0.6544984694978736 0.0167 0.00873
430.0 1.8500490071139892 0.0167 0.00873
440.0 2.705260340591211 0.0167 0.00873
450.0 2.3736477827122884 0.0167 0.00873
460.0 1.117010721276371 0.0167 0.00873
470.0 0.3839724354387525 0.0167 0.00873
480.0 1.0035643198967394 0.0167 0.00873
490.0 2.1642082724729685 0.0167 0.00873
500.0 2.705260340591211 0.0167 0.00873
510.0 2.007128639793479 0.0167 0.00873
520.0 0.8028514559173916 0.0167 0.00873
530.0 0.4537856055185257 0.0167 0.00873
540.0 1.3439035240356338 0.0167 0.00873
550.0 2.426007660272118 0.0167 0.00873
560.0 2.6179938779914944 0.0167 0.00873
570.0 1.6406094968746698 0.0167 0.00873
580.0 0.5759586531581288 0.0167 0.00873
590.0 0.5759586531581288 0.0167 0.00873
